0  337  3804667.985855  -1050.874546927
20  337  3785734.353535  -841.842382370
40  337  3771017.732122  -629.297670376
60  337  3760580.809039  -414.001756791
80  337  3754470.727600  -196.752298222
100  337  3752718.151028  21.609829087
120  337  3755336.893100  240.237277098
140  337  3762323.648707  458.270512157
160  337  3773658.144225  674.867515792
180  337  3789303.336338  889.211267983
200  337  3809206.361295  1100.524806706
220  337  3833299.214830  1308.077176220
5660  337  3838521.797043  -6104.878599315
5680  337  3716651.793676  -6081.274580185
5700  337  3595306.847211  -6052.271136770
5720  337  3474601.251922  -6017.223947441
5740  337  3354663.193635  -5975.380357796
5760  337  3235637.077787  -5925.871874966
5780  337  3117686.288393  -5867.667179531
5800  337  3000996.287296  -5799.573788752
5820  337  2885778.440237  -5720.202817434
5840  337  2772274.264888  -5627.914505614
5860  337  2660760.557341  -5520.812855431
5880  337  2551555.193754  -5396.685007952
5900  337  2445023.543662  -5252.981848969
5920  337  2341585.736509  -5086.784223717
5940  337  2241724.041936  -4894.791795388
5960  337  2145990.305599  -4673.353363970
5980  337  2055012.443888  -4418.534167889
6000  337  1969498.571726  -4126.282323175
6020  337  1890236.955630  -3792.688322739
6040  337  1818089.260329  -3414.398526855
6060  337  1753974.252193  -2989.176662949
6080  337  1698838.478340  -2516.590707727
6100  337  1653613.214425  -1998.724616900
6120  337  1619157.260020  -1440.806375244
6140  337  1596191.445866  -851.419252283
6160  337  1585233.111694  -242.209465120
6180  337  1586543.693156  373.069628570
6200  337  1600099.951284  979.987026765
6220  337  1625597.116076  1565.072907613
6240  337  1662482.168643  2117.166036694
6260  337  1710009.684443  2628.267336612
6280  337  1767307.980124  3093.737194961
6300  337  1833443.643994  3511.960174259
6320  337  1907476.293554  3883.726207789
6340  337  1988499.148048  4211.494449369
6360  337  2075665.823290  4498.735490730
6380  337  2168204.587531  4749.379455776
6400  337  2265423.948904  4967.459004151
6420  337  2366711.704107  5156.841682833
6440  337  2471530.213503  5321.105100020
6460  337  2579409.940621  5463.466071704
6480  337  2689941.861427  5586.766477623
6500  337  2802770.072456  5693.479483093
6520  337  2917584.874186  5785.755376514
6540  337  3034116.388686  5865.433547703
6560  337  3152128.786122  5934.089986024
6580  337  3271415.590206  5993.083903403
6600  337  3391795.374545  6043.565336618
6620  337  3513108.098306  6086.526224395
6640  337  3635212.052019  6122.818388944
6660  337  3757981.290409  6153.167880120
11680  337  3512340.043071  -6486.597297695
11700  337  3382778.210735  -6468.774649349
11720  337  3253623.958017  -6445.722935561
11740  337  3124988.994952  -6416.710899042
11760  337  2997001.142713  -6380.848617137
11780  337  2869807.827496  -6337.062463659
11800  337  2743580.083918  -6284.053302326
11820  337  2618517.773954  -6220.227706863
11840  337  2494855.880133  -6143.649750217
11860  337  2372872.545587  -6051.932470000
11880  337  2252898.947090  -5942.135904941
11900  337  2135331.495698  -5810.655442853
11920  337  2020646.703206  -5653.054633804
11940  337  1909419.213419  -5463.933599251
11960  337  1802342.722208  -5236.770451082
11980  337  1700253.073905  -4963.865046749
12000  337  1604151.533789  -4636.412855874
12020  337  1515223.724253  -4244.883601941
12040  337  1434846.062823  -3779.923276180
12060  337  1364567.751630  -3233.949887593
12080  337  1306052.361152  -2603.575395004
12100  337  1260964.463918  -1892.571737669
12120  337  1230799.834079  -1114.375492624
12140  337  1216680.705183  -292.760261590
12160  337  1219168.914752  540.702102815
12180  337  1238161.001272  1352.143741410
12200  337  1272907.938463  2111.888689227
12220  337  1322151.173410  2799.187129138
12240  337  1384321.580443  3403.715643266
12260  337  1457738.053241  3924.190545996
12280  337  1540761.244280  4365.574164703
12300  337  1631889.200715  4736.215895906
12320  337  1729801.916125  5045.658674908
12340  337  1833370.332216  5303.286918542
12360  337  1941644.950357  5517.601842376
12380  337  2053834.937610  5695.950803886
12400  337  2169284.625302  5844.506029692
12420  337  2287450.755804  5968.362896426
12440  337  2407882.469910  6071.689418440
12460  337  2530204.296263  6157.883802419
12480  337  2654102.010468  6229.693091002
12500  337  2779311.249276  6289.369053656
12520  337  2905608.134142  6338.734916088
12540  337  3032801.948082  6379.286336817
12560  337  3160729.109173  6412.253896643
12580  337  3289248.283980  6438.642172961
12600  337  3418236.613290  6459.297583497
12620  337  3547586.580930  6474.912146353
12640  337  3677203.423372  6486.073290722
12660  337  3807003.095967  6493.270996036
17820  337  3405271.403223  -3046.336652142
17840  337  3346606.892030  -2817.929391788
17860  337  3292640.785809  -2576.542349225
17880  337  3243629.462328  -2322.526788812
17900  337  3199820.130105  -2056.460335193
17920  337  3161445.918537  -1779.168388398
17940  337  3128721.109422  -1491.722834409
17960  337  3101835.934498  -1195.442662926
17980  337  3080951.921495  -891.882459871
18000  337  3066197.491575  -582.795777310
18020  337  3057664.162551  -270.100133215
18040  337  3055403.972136  44.176374630
18060  337  3059427.838800  357.953959737
18080  337  3069705.026841  669.172393373
18100  337  3086164.349904  975.840886773
18120  337  3108695.896619  1276.101554092
18140  337  3137154.480584  1568.282502292
18160  337  3171363.540637  1850.922953765
18180  337  3211119.698085  2122.808227183
18200  337  3256197.714718  2382.971274151
18220  337  3306355.576133  2630.693625340
18240  337  3361339.321667  2865.496445077
18260  337  3420887.556124  3087.117901959
18280  337  3484735.668091  3295.487867976
18300  337  3552619.306775  3490.699703695
18320  337  3624277.516210  3672.991368214
18340  337  3699455.130480  3842.706946059
